339|2|  
454|4|  
143|5|3.73 
50|5|5 
386|5|4.17 
133|5|3.22 
367|5|4.25 
587|5|5 
299|5|4.81 
52|5|2.55 
420|5|1.2 
144|6|  
465|6|  
61|6|5 
498|6|1.06 
176|6|3.38 
60|6|  
506|6|  
100|7|5 
220|7|5 
358|7|3.86 
210|7|3.72 
36|8|1.36 
99|10|  
38|10|  
375|10|3.33 
579|10|5 
471|10|  
216|10|  
595|11|5 
236|12|  
493|13|  
557|13|  
438|13|  
313|14|  
65|14|  
454|14|  
267|15|  
359|16|  
154|16|  
539|16|  
426|16|  
382|16|  
217|16|  
316|16|  
349|16|  
147|16|  
67|16|  
462|17|  
5|17|  
196|17|  
127|17|  
55|18|  
506|18|  
97|18|  
25|18|  
167|18|  
48|18|  
573|19|  
379|20|  
415|20|  
171|20|  
199|20|  
71|20|  
400|20|  
508|22|  
431|22|  
65|22|  
592|22|  
25|22|  
219|22|  
133|23|3.12 
159|23|3.33 
210|23|5 
577|23|  
211|23|  
147|23|5 
53|23|4.89 
490|24|  
161|24|  
596|24|5 
389|24|5 
275|24|  
610|24|  
318|24|2.26 
417|24|  
398|24|  
132|24|1.73 
488|25|1.47 
585|25|  
250|25|5 
13|25|1.57 
590|25|  
264|25|5 
354|25|  
78|26|4.9 
175|26|5 
461|26|3.52 
145|26|5 
574|26|  
425|26|  
579|27|  
403|27|5 
512|27|5 
343|27|  
588|27|4.99 
421|27|  
161|28|2.54 
132|28|2.96 
553|28|1.83 
448|28|  
240|28|  
268|28|  
507|29|5 
43|29|  
305|29|4.04 
225|29|2.95 
587|29|  
612|29|  
365|29|2.82 
50|29|1.06 
167|29|5 
5|29|  
4|30|3.16 
184|30|4.0 
359|30|  
537|30|5 
596|30|4.53 
482|30|  
200|30|  
587|30|4.9 
219|31|2.29 
34|31|3.55 
46|31|1.18 
199|31|  
141|31|5 
191|32|1.01 
175|32|  
586|32|4.9 
533|32|1.74 
411|32|  
481|32|2.27 
495|32|  
272|32|2.08 
99|32|5 
31|33|  
410|33|  
301|33|  
71|33|2.61 
113|33|  
375|33|3.49 
298|33|1.32 
507|34|4.87 
2|34|  
439|34|  
270|34|2.04 
48|35|  
206|36|  
503|36|2.0 
203|36|4.21 
427|36|1.01 
602|36|  
123|36|  
30|37|  
175|37|  
319|37|3.84 
64|37|  
161|37|  
304|38|  
464|38|  
493|38|  
401|38|  
78|38|  
134|38|  
477|38|  
494|38|  
209|38|  
148|38|  
22|39|  
484|40|  
130|41|  
168|42|  
240|42|  
579|42|  
449|42|  
528|42|  
568|42|  
450|42|  
126|44|  
142|44|  
45|44|  
106|44|  
447|44|  
39|44|  
79|44|  
289|44|  
7|46|  
609|47|  
562|47|  
535|47|  
500|48|  
303|48|  
442|48|  
86|48|  
389|48|  
47|48|  
110|48|  
207|48|  
235|48|  
598|48|  
238|49|  
578|49|  
584|49|  
242|49|  
13|49|  
152|49|  
572|49|  
611|49|  
204|49|  
270|50|  
147|50|  
462|50|  
198|52|  
128|52|  
390|52|1.23 
24|52|  
79|52|  
246|52|2.55 
215|52|  
142|53|  
612|53|  
19|53|1.61 
118|54|  
140|54|1.78 
536|54|2.27 
230|54|1.93 
182|54|4.22 
580|54|  
410|54|  
414|54|  
155|55|  
479|57|4.76 
148|59|1.02 
184|59|1.43 
256|59|4.98 
595|60|  
303|61|  
527|62|3.26 
431|62|1.57 
459|62|3.5 
317|62|  
32|62|3.5 
243|64|  
542|64|  
573|64|  
44|64|  
383|64|  
352|64|  
68|65|  
461|65|  
9|65|  
518|65|  
519|66|  
317|66|  
361|66|  
130|66|  
381|66|  
16|66|  
539|66|  
72|66|  
303|66|  
347|67|  
326|68|  
496|69|  
2|69|  
121|69|  
391|69|  
510|69|  
89|69|  
236|69|  
407|69|  
492|69|  
555|71|  
602|71|  
343|71|  
222|72|  
269|74|3.06 
182|74|5 
523|74|4.75 
209|74|  
285|74|5 
101|74|3.63 
569|74|5 
576|74|1.7 
543|75|5 
188|75|2.26 
302|75|  
248|75|  
424|75|3.87 
235|75|  
528|75|  
439|75|1.32 
611|75|  
71|75|2.92 
316|76|2.01 
218|77|3.97 
48|78|3.41 
246|78|  
77|78|  
284|78|3.06 
532|79|1.48 
108|79|  
501|79|2.77 
314|83|2.95 
586|83|5 
336|83|4.69 
417|83|  
388|83|3.94 
144|83|  
60|83|  
445|84|  
325|85|5 
479|85|  
241|85|3.0 
340|85|4.57 
413|85|  
384|85|  
322|85|5 
587|85|4.02 
316|85|2.28 
390|86|  
132|86|  
307|86|  
26|86|  
384|86|  
253|86|  
447|86|  
608|89|  
367|89|  
203|89|  
174|89|  
371|89|  
476|89|  
8|89|  
4|89|  
399|89|  
567|90|  
40|91|  
412|91|  
256|91|  
86|91|  
607|91|  
370|92|  
152|92|  
1|92|  
318|93|  
289|93|  
182|93|  
512|93|  
66|93|  
409|93|  
308|93|  
62|93|  
533|95|  
43|95|  
523|95|  
569|95|  
417|95|  
364|97|5 
207|97|3.09 
69|97|  
604|97|  
225|97|  
390|97|1.16 
308|97|  
66|97|  
468|97|  
267|99|  
219|99|  
473|99|2.53 
192|99|  
178|99|  
427|99|  
45|99|1.4 
304|101|5 
230|101|  
582|101|3.33 
81|102|1.59 
50|103|1.43 
500|103|5 
322|103|2.5 
218|103|1.93 
114|103|4.09 
311|103|  
353|103|1.6 
449|103|  
324|103|  
436|104|  
494|105|1.64 
338|107|1.52 
199|107|  
383|107|  
156|107|3.85 
382|107|  
354|107|  
46|107|  
332|107|  
492|108|3.73 
353|108|  
50|108|  
355|108|  
49|108|  
46|109|  
329|109|2.42 
238|109|5 
439|109|  
483|109|  
348|109|3.58 
214|109|  
570|109|5 
67|110|5 
358|110|5 
192|110|  
259|110|5 
193|110|3.71 
40|110|3.48 
525|110|  
82|110|  
513|110|1.38 
45|112|  
223|112|  
390|112|  
168|113|  
217|114|  
357|114|  
101|114|  
428|114|  
214|114|  
281|114|  
188|114|  
78|114|  
497|114|  
54|114|  
91|116|  
548|118|  
95|118|  
480|118|  
15|118|  
574|118|  
300|118|  
182|120|  
316|120|  
604|120|  
592|121|  
95|121|  
30|121|  
33|121|  
211|121|  
162|121|  
42|122|  
578|122|  
58|122|  
215|122|  
449|122|  
57|122|  
48|122|  
529|122|  
532|123|3.34 
569|123|1.27 
565|123|2.99 
363|123|2.51 
68|123|4.9 
399|124|  
575|124|1.99 
289|124|2.83 
61|124|  
72|124|1.61 
385|124|  
75|124|  
414|124|4.65 
22|124|  
516|124|3.31 
386|125|3.23 
259|125|  
310|125|  
99|125|5 
153|125|5 
250|125|  
98|125|  
575|125|3.89 
564|125|  
444|126|  
426|126|  
432|127|  
22|127|5 
430|127|1.9 
477|127|  
413|127|  
299|127|  
110|127|  
348|127|  
568|127|  
383|127|  
338|128|4.59 
227|129|1.09 
503|130|4.24 
610|131|  
317|131|3.07 
203|131|  
359|131|3.39 
257|131|5 
156|131|  
387|131|4.69 
328|132|  
519|132|3.36 
88|132|  
113|132|4.58 
315|132|  
189|132|1.23 
183|133|  
67|133|  
219|133|  
535|133|  
308|133|  
457|133|2.86 
94|133|5 
52|133|  
448|133|1.79 
165|134|1.76 
181|137|  
307|137|  
426|137|  
513|137|  
243|137|  
531|137|  
258|139|  
48|139|  
537|139|  
334|139|  
573|139|  
114|140|  
290|140|  
590|140|  
451|140|  
116|140|  
467|140|  
198|140|  
467|142|  
146|143|  
82|144|  
425|144|  
427|144|  
20|144|  
564|144|  
84|145|  
74|146|  
143|147|  
453|147|  
488|147|  
581|147|  
158|147|  
552|147|  
439|147|  
174|147|  
36|148|  
496|149|  
197|149|  
385|150|4.49 
78|151|  
597|152|3.96 
175|152|  
382|152|  
436|152|3.69 
77|152|  
46|152|3.28 
264|152|4.09 
612|152|  
368|152|2.52 
505|153|  
146|153|  
35|153|  
28|155|  
390|155|  
329|157|5 
296|157|  
288|157|2.45 
432|157|5 
37|157|2.07 
182|157|  
285|158|5 
371|158|2.91 
397|158|  
483|158|1.74 
526|159|  
203|161|  
299|161|2.6 
99|161|2.08 
452|161|5 
218|161|3.11 
569|161|2.84 
361|161|  
435|162|  
89|163|  
218|163|5 
82|163|5 
187|163|1.3 
253|163|1.52 
177|163|  
289|163|  
537|163|  
182|164|2.06 
565|169|  
556|170|  
72|172|  
428|172|  
573|172|  
603|172|  
86|172|  
416|172|  
539|172|  
554|172|  
272|172|  
560|174|  
153|174|  
388|174|  
609|174|  
90|174|  
394|174|  
608|174|  
295|174|  
589|174|  
411|174|  
281|175|  
119|175|  
285|175|  
7|175|  
223|175|  
397|175|  
338|175|  
319|175|  
134|176|  
66|177|  
505|177|  
506|177|  
138|177|  
305|177|  
218|177|  
296|178|3.02 
39|181|1.84 
180|181|1.76 
557|181|4.79 
493|181|  
189|181|  
218|181|1.58 
94|181|3.41 
117|181|  
595|181|  
26|182|  
19|182|2.1 
343|182|1.94 
152|182|  
224|182|  
30|182|  
242|182|  
539|182|1.73 
339|182|  
294|183|2.96 
555|183|4.6 
40|183|  
409|183|5 
543|183|5 
111|186|2.1 
367|186|  
377|186|1.39 
568|186|  
364|186|  
232|186|2.52 
366|187|  
79|187|5 
419|187|  
354|187|2.85 
140|187|  
219|187|  
597|187|  
349|190|  
342|191|  
237|192|  
294|192|  
546|192|  
357|192|  
342|192|  
479|192|  
199|193|  
45|193|  
356|193|  
261|193|  
457|193|  
170|193|  
60|193|  
289|194|  
240|194|  
208|194|  
504|194|  
603|197|  
116|197|  
237|197|  
476|199|5 
296|200|1.35 
88|201|  
252|201|1.22 
516|201|  
234|201|5 
294|201|2.19 
99|201|5 
7|201|  
45|201|1.04 
465|203|1.52 
164|203|1.3 
251|203|1.58 
52|203|5 
441|203|2.58 
583|203|2.65 
496|203|5 
556|203|5 
87|203|4.5 
196|204|4.27 
585|205|4.56 
525|206|  
458|206|  
87|206|  
211|206|5 
114|206|  
378|206|5 
319|206|  
445|206|  
308|206|  
285|209|5 
524|209|  
410|209|  
157|209|2.33 
15|209|  
16|209|3.61 
261|209|2.47 
198|209|  
320|210|4.3 
444|210|4.91 
330|210|  
338|210|  
557|210|  
233|210|5 
381|211|1.83 
459|211|1.24 
440|212|3.87 
289|213|  
90|213|  
250|215|  
444|219|  
368|219|  
404|220|  
54|220|  
540|220|  
385|220|  
123|220|  
199|220|  
207|220|  
518|220|  
2|220|  
335|221|  
474|221|  
383|221|  
40|222|  
71|222|  
290|222|  
335|222|  
535|222|  
459|222|  
548|222|  
605|223|  
531|224|  
323|224|  
173|224|  
481|224|  
205|224|  
431|224|  
122|224|  
126|224|  
321|224|  
136|225|  
513|225|  
419|225|  
452|225|  
330|225|  
407|226|3.87 
457|226|3.84 
26|226|5 
328|226|5 
39|226|  
287|227|3.82 
50|228|1.41 
587|228|1.75 
127|228|1.83 
70|228|4.33 
497|229|3.41 
484|231|5 
278|233|  
71|233|  
601|233|3.29 
419|233|4.82 
319|233|  
35|233|  
80|233|  
311|233|2.83 
25|234|1.27 
414|234|  
337|234|  
110|234|  
350|235|  
274|235|  
583|235|5 
9|235|2.46 
16|235|4.41 
67|236|  
405|236|  
237|236|4.29 
585|236|5 
220|236|4.34 
385|236|  
231|237|1.16 
50|237|  
174|237|  
129|237|  
205|237|  
611|237|2.83 
127|237|4.35 
556|237|  
56|238|  
365|238|1.65 
518|238|  
569|238|3.36 
252|239|3.17 
583|240|4.92 
605|240|5 
546|240|  
594|240|  
464|240|5 
252|240|  
46|240|  
527|240|  
558|240|2.5 
542|241|  
169|241|  
183|241|  
474|241|  
188|241|  
181|243|  
458|243|  
389|243|  
451|243|  
237|243|  
132|244|  
158|246|  
120|246|  
551|246|  
132|246|  
558|246|  
478|246|  
562|247|  
22|248|  
411|248|  
602|248|  
280|248|  
102|248|  
397|248|  
319|248|  
65|248|  
51|248|  
73|250|  
254|251|  
26|252|  
90|253|  
513|253|  
102|253|  
392|253|  
595|253|  
291|253|  
272|254|2.78 
418|255|  
13|258|4.65 
519|258|1.26 
400|258|4.49 
577|258|2.97 
102|258|5 
207|258|3.62 
397|259|  
293|259|3.14 
478|259|  
135|260|  
80|260|4.38 
192|260|  
297|260|3.65 
374|260|  
305|260|5 
420|260|3.17 
148|260|5 
303|261|  
202|261|1.09 
371|263|4.18 
586|263|  
387|263|2.91 
165|263|  
553|263|5 
466|263|5 
211|264|1.4 
94|266|1.07 
377|266|  
345|266|3.85 
171|267|  
31|267|3.02 
99|267|5 
340|267|2.09 
542|267|4.33 
354|267|  
130|267|  
543|268|  
327|268|1.02 
331|268|  
209|268|  
266|268|5 
248|269|2.12 
612|269|  
265|269|  
420|269|  
193|269|  
263|269|  
39|269|  
74|269|3.22 
37|269|  
131|269|  
365|271|  
479|271|  
69|271|  
464|272|  
157|272|  
568|272|  
177|272|  
439|272|  
22|272|  
422|272|  
537|272|  
205|273|  
470|274|  
403|275|  
153|276|  
177|277|  
367|277|  
359|277|  
74|278|  
69|279|  
329|280|  
188|281|  
146|282|  
308|283|  
59|283|  
385|283|  
110|285|2.57 
380|285|4.86 
292|285|1.74 
8|285|2.12 
481|285|  
50|285|  
199|285|  
566|285|3.32 
469|285|2.85 
355|285|  
247|286|  
215|286|3.69 
82|286|  
248|287|  
470|287|  
295|287|3.08 
44|287|1.88 
216|287|4.23 
56|287|1.83 
429|289|3.82 
381|289|2.78 
320|289|5 
82|289|  
373|293|1.68 
28|293|  
285|293|  
530|293|3.82 
248|293|2.75 
577|293|  
523|294|4.65 
132|295|4.03 
376|295|  
373|295|2.37 
188|295|5 
6|295|  
36|296|  
532|297|4.94 
447|297|  
203|297|  
267|297|  
63|298|  
370|299|2.98 
259|299|2.32 
329|299|5 
297|300|  
140|300|  
360|300|  
86|301|  
229|302|  
612|302|  
267|302|  
222|302|  
401|303|  
222|304|  
327|304|  
52|304|  
331|304|  
454|304|  
219|304|  
182|304|  
258|306|  
590|306|  
564|306|  
483|306|  
6|306|  
360|306|  
595|306|  
518|306|  
429|308|  
25|308|  
58|308|  
536|309|  
441|309|  
232|309|  
134|309|  
336|310|  
586|310|  
471|310|  
178|310|  
199|310|  
253|310|  
164|310|  
191|310|  
572|312|  
554|312|  
443|312|  
581|312|  
252|312|  
178|315|2.09 
197|315|  
359|315|5 
317|315|  
312|315|1.5 
598|315|5 
88|315|4.99 
360|316|4.38 
529|316|  
489|316|2.84 
203|316|  
401|316|5 
254|317|  
459|318|1.41 
93|318|  
153|318|  
18|318|3.45 
467|318|3.83 
268|319|4.81 
349|319|  
20|319|  
105|319|4.34 
521|319|  
225|319|1.22 
535|320|2.72 
599|320|  
602|320|1.68 
242|320|1.13 
98|320|  
130|321|  
366|321|  
608|324|4.41 
433|325|2.32 
599|326|4.89 
271|326|  
464|326|1.62 
410|328|  
444|329|  
515|329|  
117|329|  
64|329|  
453|329|  
404|330|  
390|330|  
168|330|  
208|330|  
298|330|  
11|330|  
443|330|  
244|331|  
461|331|  
485|332|  
546|332|  
305|332|  
467|333|  
564|334|  
572|334|  
88|336|  
431|336|  
448|336|  
272|336|  
195|336|  
409|336|  
49|336|  
227|336|  
121|336|  
121|337|  
297|337|  
490|337|  
575|337|  
515|337|  
543|339|  
302|340|  
110|342|3.75 
547|343|2.01 
560|344|3.7 
90|345|  
189|347|3.96 
299|347|3.17 
387|347|5 
270|347|2.1 
188|347|1.17 
219|347|4.33 
368|347|5 
139|347|1.6 
596|349|  
67|349|1.42 
206|349|  
271|350|  
35|350|3.12 
605|350|2.64 
582|350|2.93 
24|352|3.83 
486|353|5 
359|353|  
176|353|  
569|353|5 
436|353|  
406|354|2.52 
139|354|  
58|354|3.96 
572|354|5 
432|354|  
221|354|  
503|354|  
368|355|  
175|355|  
288|355|  
48|355|  
611|355|  
32|355|  
553|356|  
366|357|  
413|357|  
262|357|  
370|357|  
117|358|  
539|358|  
163|358|  
473|358|  
67|358|  
543|358|  
63|358|  
599|359|  
283|359|  
529|359|  
544|361|  
58|361|  
474|361|  
408|361|  
389|362|  
395|362|  
528|362|  
135|362|  
201|362|  
221|362|  
83|362|  
85|365|  
459|366|  
302|368|  
201|368|  
409|369|  
526|369|  
347|369|  
610|371|  
39|372|  
487|372|5 
278|372|  
224|372|  
534|372|4.61 
478|372|3.23 
327|374|5 
569|377|3.47 
244|378|  
379|379|5 
198|379|2.27 
181|379|3.07 
415|379|  
296|380|  
425|380|1.47 
155|380|1.24 
193|380|  
576|380|  
102|380|  
508|380|1.93 
198|380|2.8 
152|380|3.49 
291|381|4.97 
238|381|3.63 
1|381|1.43 
494|381|2.59 
419|381|5 
248|382|  
253|382|  
264|382|  
55|382|  
361|382|  
271|382|  
57|382|  
372|382|  
23|382|  
379|383|  
548|384|  
424|384|  
174|384|  
449|384|  
2|384|  
244|385|  
142|385|  
173|385|  
427|385|  
273|385|  
89|385|  
251|385|  
599|385|  
131|385|  
276|385|  
340|387|  
113|387|  
586|387|  
55|387|  
297|387|  
505|387|  
200|388|  
291|389|  
275|389|  
149|389|  
464|389|  
301|389|  
562|389|  
260|389|  
76|389|  
130|389|  
112|389|  
546|390|  
91|390|  
348|390|  
135|390|  
340|390|  
208|390|  
69|390|  
231|390|  
90|390|  
294|391|  
304|391|  
300|391|  
505|391|  
198|391|  
64|391|  
539|391|  
398|391|  
306|391|  
359|392|  
49|392|  
7|392|  
157|393|  
76|393|  
600|393|  
3|393|  
401|393|  
303|393|  
160|393|  
117|393|  
152|393|  
257|394|  
538|394|  
288|396|5 
207|396|4.88 
540|396|  
195|396|  
108|396|  
25|396|  
247|397|  
612|397|1.36 
127|397|  
461|397|5 
3|397|  
16|397|4.13 
183|397|5 
548|397|1.91 
312|397|  
54|398|  
422|398|5 
273|398|2.81 
362|399|2.15 
344|399|  
107|399|2.72 
277|399|  
603|399|4.28 
558|399|5 
444|399|  
486|399|  
159|399|1.11 
543|401|  
41|404|4.1 
98|407|  
484|407|4.66 
132|407|5 
386|407|2.18 
47|407|5 
193|407|3.65 
597|407|  
266|407|  
585|407|  
199|407|  
279|409|  
419|409|  
477|409|  
386|409|  
381|409|  
494|410|  
495|410|  
549|410|  
13|410|  
607|410|  
234|411|  
97|411|  
59|411|  
178|411|  
65|411|  
113|411|  
551|412|  
135|412|  
428|412|  
377|412|  
462|412|  
484|412|  
454|414|  
481|414|  
558|414|  
519|414|  
151|415|  
109|415|  
23|415|  
521|415|  
585|415|  
123|416|  
502|416|  
363|416|  
464|416|  
404|416|  
3|416|  
259|416|  
174|416|  
113|416|  
48|417|  
338|417|  
280|419|  
425|419|2.55 
411|419|4.29 
14|419|5 
562|419|  
557|419|3.24 
297|420|  
291|422|  
204|423|2.48 
185|424|1.62 
238|424|2.08 
486|424|4.47 
206|424|  
225|424|3.62 
375|424|  
110|424|  
275|425|  
393|425|  
278|425|  
255|425|  
112|425|  
471|425|  
410|425|  
463|426|4.43 
275|426|  
500|426|  
597|427|  
524|429|  
151|430|  
555|430|  
122|430|  
384|430|  
200|430|  
317|430|  
436|430|  
510|430|  
135|430|  
332|430|  
495|431|  
38|431|  
555|431|  
73|431|  
115|432|  
292|434|  
548|434|  
175|434|  
211|435|  
173|436|  
11|439|5 
102|443|  
482|443|  
533|443|5 
399|443|  
180|444|2.6 
434|445|  
109|445|  
605|445|  
609|445|3.46 
284|445|  
315|445|5 
189|446|5 
417|446|5 
193|446|4.07 
326|446|  
356|446|4.58 
221|446|4.5 
374|446|3.07 
447|448|  
510|448|1.93 
337|448|  
215|448|  
172|448|4.65 
163|449|1.69 
287|449|  
376|449|  
486|449|  
577|449|  
499|449|  
531|449|  
338|449|  
38|450|  
161|450|  
238|451|  
441|451|  
561|451|  
581|451|  
147|451|  
133|452|  
498|452|  
87|452|  
391|452|  
493|452|  
483|452|  
487|453|  
417|453|  
245|453|  
489|453|  
538|454|  
352|455|  
234|455|  
13|455|  
545|455|  
459|455|  
87|455|  
412|455|  
192|455|  
127|456|  
293|456|  
345|456|  
192|457|  
498|458|  
95|458|  
9|458|  
448|459|  
136|459|  
308|459|  
215|459|  
457|459|  
300|459|  
281|459|  
32|459|  
379|463|  
309|463|  
236|463|1.62 
58|463|2.18 
574|463|  
241|463|  
291|463|  
366|463|3.72 
494|463|  
529|464|2.04 
104|464|  
3|464|  
525|464|  
76|464|  
436|464|  
197|464|3.67 
375|465|1.61 
469|465|2.92 
230|465|  
244|465|1.39 
5|465|5 
68|465|1.24 
315|465|  
61|465|2.51 
168|466|  
477|467|5 
189|469|  
158|470|  
340|472|  
575|474|  
576|474|  
382|474|  
438|474|  
429|474|  
377|474|  
156|474|  
85|474|  
470|474|  
229|475|  
288|476|  
444|476|  
426|476|  
166|476|  
24|476|  
562|476|  
297|476|  
308|478|  
232|479|  
81|479|  
76|479|  
114|479|  
34|479|  
274|480|  
22|480|  
462|480|  
209|480|  
19|480|  
100|480|  
452|480|  
29|480|  
79|480|  
171|481|  
391|481|  
611|481|  
223|481|  
362|481|  
572|481|  
434|481|  
569|481|  
312|481|  
453|482|  
514|483|  
59|483|  
607|483|  
414|483|  
284|483|  
357|484|3.73 
360|484|3.69 
88|484|5 
129|484|  
522|484|  
26|485|  
337|485|  
248|485|  
36|485|  
404|485|  
167|485|  
429|486|3.93 
204|486|1.78 
597|486|  
495|486|  
107|486|4.38 
542|486|  
228|489|5 
341|489|3.49 
297|489|  
270|489|4.86 
70|489|4.11 
167|489|  
444|489|5 
5|489|  
500|489|1.58 
92|490|1.2 
115|490|4.03 
482|490|  
16|492|1.4 
86|492|1.82 
321|492|2.85 
298|492|5 
109|492|  
556|492|  
276|493|5 
397|493|2.31 
230|494|  
279|494|1.48 
585|494|  
320|494|  
131|494|2.88 
437|495|  
120|495|  
608|495|  
508|495|  
60|495|  
533|496|2.67 
170|496|  
541|496|  
291|496|4.12 
388|496|2.59 
369|497|  
111|498|  
536|499|  
414|500|  
129|500|  
545|500|  
434|500|  
89|500|  
114|501|  
465|501|  
539|501|  
410|501|  
205|501|  
596|501|  
279|502|  
364|502|  
217|502|  
521|502|  
48|502|  
288|502|  
258|504|  
244|504|  
604|504|  
321|504|  
198|504|  
333|504|  
387|504|  
213|504|  
81|505|  
259|505|  
394|505|  
310|505|  
476|506|  
271|507|  
160|508|  
384|509|2.03 
479|509|  
175|509|  
250|509|1.67 
307|510|  
417|510|2.46 
241|510|5 
315|510|2.4 
127|512|1.73 
39|512|5 
188|512|  
453|512|  
559|512|  
429|513|  
593|513|  
304|513|1.75 
141|515|  
260|515|5 
463|515|  
511|515|2.12 
263|515|  
279|515|4.64 
102|515|1.06 
240|515|2.04 
354|517|2.98 
262|517|  
260|517|2.96 
539|517|2.84 
47|517|  
45|517|  
131|517|1.96 
405|517|3.74 
22|517|2.6 
21|518|  
543|518|1.54 
486|518|3.4 
588|519|  
345|520|2.52 
420|520|  
310|522|  
326|522|2.16 
510|522|5 
362|522|  
21|522|4.96 
602|522|1.96 
158|522|  
26|523|  
202|523|  
281|523|  
34|523|  
409|523|  
356|523|  
276|523|  
399|523|  
536|523|  
310|525|  
224|525|  
130|525|  
78|525|  
276|525|  
386|525|  
252|525|  
551|525|  
212|525|  
347|526|  
454|526|  
58|526|  
412|526|  
535|526|  
274|526|  
52|526|  
421|527|  
105|527|  
11|527|  
250|527|  
2|527|  
259|527|  
561|528|  
393|530|  
131|530|  
610|530|  
552|530|  
372|530|  
578|530|  
1|532|  
44|535|  
153|536|2.73 
285|536|  
242|536|5 
104|536|  
31|536|4.99 
299|537|1.2 
167|537|  
574|539|4.55 
316|539|5 
280|539|5 
144|539|  
430|539|2.74 
110|539|1.08 
551|539|1.43 
507|539|  
438|539|2.7 
134|541|  
118|541|  
513|541|  
48|541|  
40|541|3.26 
45|541|  
78|541|  
467|541|1.74 
382|541|  
301|542|  
484|544|  
494|544|3.91 
497|544|4.08 
608|544|2.1 
35|544|  
296|544|  
8|545|3.56 
76|547|  
238|547|  
113|547|  
147|549|  
367|549|  
477|549|  
444|549|  
436|549|  
167|551|  
39|552|  
228|553|  
538|553|  
46|553|  
412|553|  
612|553|  
214|554|  
77|554|  
13|554|  
495|554|  
216|554|  
525|554|  
389|555|  
38|555|  
252|555|  
7|555|  
559|555|  
376|555|  
525|555|  
192|555|  
323|556|  
300|556|  
117|556|  
145|556|  
473|556|  
134|556|  
354|560|4.26 
472|561|3.92 
353|561|  
211|561|  
29|561|2.0 
218|561|4.62 
221|562|  
301|564|3.9 
36|565|2.17 
391|565|5 
536|565|2.87 
248|566|  
87|567|1.91 
218|567|  
148|567|5 
389|567|5 
425|567|5 
548|567|  
63|568|  
408|568|  
122|570|  
307|571|  
523|571|2.6 
485|571|  
535|572|1.71 
497|572|  
533|572|  
477|572|5 
31|572|  
519|573|  
476|573|  
259|573|  
526|574|  
391|574|  
92|574|  
122|574|  
547|574|  
499|575|  
225|575|  
177|576|  
185|576|  
315|576|  
29|576|  
13|576|  
258|576|  
276|576|  
394|578|  
403|579|  
170|579|  
181|579|  
165|579|  
471|579|  
145|579|  
562|579|  
30|580|  
289|580|  
601|580|  
359|580|  
417|583|  
287|583|  
611|583|  
411|583|  
248|583|  
516|583|  
521|583|  
436|585|  
407|586|  
234|586|  
539|586|  
484|586|  
374|586|  
69|586|  
332|586|  
115|586|  
141|587|  
206|587|5 
288|587|  
257|587|3.41 
135|588|4.4 
597|588|2.3 
25|588|  
340|588|  
432|588|  
68|588|5 
513|588|  
570|589|1.42 
154|590|2.0 
544|590|  
376|590|5 
452|591|  
412|593|1.21 
92|594|5 
93|595|  
477|595|  
512|595|  
77|595|3.66 
342|595|  
233|596|1.82 
83|597|  
104|598|  
157|598|  
95|598|5 
211|598|5 
40|598|4.67 
117|598|1.4 
487|598|1.28 
6|599|  
171|599|  
543|599|  
202|599|  
549|599|2.68 
239|599|3.58 
350|599|2.39 
378|599|2.07 
583|599|4.18 
590|599|4.24 
190|600|  
51|601|5 
214|601|2.01 
406|601|4.36 
460|602|  
556|602|  
600|602|  
311|602|  
87|602|  
346|602|  
588|603|  
348|603|  
303|603|  
574|603|  
400|603|  
580|603|  
584|603|  
314|603|  
519|603|  
472|604|  
378|604|  
319|604|  
372|604|  
493|604|  
9|604|  
525|605|  
346|605|  
381|605|  
368|605|  
214|606|  
257|606|  
25|607|  
181|607|  
388|607|  
72|607|  
422|607|  
574|610|  
500|611|  
326|612|  
528|612|  
518|612|  
47|612|  
143|612|  
148|612|  
298|613|  
164|614|  
221|615|  
474|615|  
461|615|  
280|616|  
325|617|1.33 
234|617|  
427|619|2.98 
138|619|  
309|619|  
556|619|  
274|619|4.13 
104|620|3.04 
207|620|5 
589|620|  
53|621|  
148|621|5 
165|621|2.24 
286|621|3.69 
361|621|  
239|622|1.54 
44|622|  
509|623|  
20|623|  
118|624|  
38|624|4.63 
36|624|  
72|624|  
378|624|5 
368|624|  
298|624|2.52 
297|624|5 
449|625|  
371|627|  
518|627|  
465|627|1.9 
176|627|4.94 
88|630|  
583|631|  
324|631|  
604|631|  
151|631|  
443|631|  
232|632|  
243|632|  
412|632|  
191|632|  
569|632|  
245|632|  
463|632|  
193|632|  
90|632|  
424|633|  
85|634|  
464|634|  
521|634|  
309|634|  
175|634|  
197|634|  
194|635|  
247|635|  
406|635|  
533|636|  
9|636|  
131|636|  
170|636|  
363|636|  
308|636|  
323|636|  
231|637|  
565|637|  
395|637|  
495|637|  
571|638|  
495|638|  
465|638|  
508|638|  
405|638|  
191|638|  
8|640|  
88|640|5 
271|640|4.68 
574|640|5 
311|640|5 
162|640|  
226|640|3.02 
104|640|5 
213|640|  
446|640|1.86 
212|641|  
555|641|4.79 
489|641|  
344|641|3.62 
1|641|2.92 
252|641|  
476|641|5 
101|641|2.44 
89|642|  
537|643|  
290|643|  
157|643|3.94 
418|643|  
587|643|  
419|643|5 
283|644|  
609|644|  
132|644|  
261|644|4.77 
329|644|  
570|645|4.65 
542|646|3.78 
360|646|3.68 
470|646|3.19 
213|646|  
456|646|  
54|646|3.83 
576|646|  
22|647|  
217|647|1.49 
121|647|5 
98|647|2.17 
115|647|  
75|647|  
462|647|  
203|647|  
134|647|5 
310|650|1.38 
325|650|  
594|650|  
357|650|  
535|650|  
206|650|  
299|650|  
171|650|5 
562|651|  
354|651|  
220|651|  
5|651|  
398|651|  
578|651|  
507|651|  
537|651|  
544|651|  
570|653|  
394|653|  
327|653|  
494|653|  
254|653|  
79|653|  
10|654|  
307|654|  
461|654|  
5|654|  
284|654|  
459|654|  
106|655|  
426|655|  
508|655|  
336|655|  
308|655|  
420|655|  
156|655|  
379|657|  
601|657|  
462|657|  
102|657|  
425|657|  
498|657|  
198|657|  
72|657|  
248|657|  
325|659|  
504|659|  
379|659|  
65|659|  
574|659|  
345|659|  
576|659|  
528|659|  
513|659|  
495|660|  
537|660|  
489|660|  
250|660|  
52|660|  
411|660|  
142|660|  
264|663|3.41 
334|663|  
204|663|  
612|663|2.47 
366|663|5 
476|665|  
119|666|  
377|667|  
345|667|  
351|667|  
193|667|3.35 
488|667|4.12 
417|667|  
415|667|  
303|668|  
438|668|5 
350|668|3.88 
178|668|5 
457|668|  
280|668|  
54|668|  
568|668|1.9 
104|668|2.4 
556|668|2.42 
193|669|  
429|669|  
283|669|  
305|669|4.44 
336|671|5 
18|671|5 
328|671|5 
227|671|  
290|671|  
109|671|  
160|671|  
313|672|  
396|673|  
505|674|  
388|676|  
427|676|  
439|676|  
563|676|  
559|676|  
23|676|  
257|676|  
255|676|  
154|676|  
571|677|  
360|678|  
53|678|  
328|678|  
234|678|  
90|678|  
403|678|  
308|679|  
273|679|  
191|679|  
59|679|  
606|679|  
506|679|  
507|679|  
57|679|  
455|680|  
3|681|  
340|681|  
409|681|  
185|681|  
550|681|  
323|681|  
457|681|  
380|681|  
136|681|  
587|681|  
553|682|4.56 
299|682|1.13 
529|682|  
170|682|  
60|682|4.72 
130|682|3.68 
58|682|  
503|682|3.98 
122|682|4.26 
52|687|  
32|687|3.25 
461|687|  
230|687|3.55 
582|687|4.04 
31|687|  
171|687|  
343|688|  
131|688|  
185|688|  
132|689|  
592|689|  
349|689|4.72 
238|689|  
326|689|4.41 
177|689|  
440|689|1.74 
548|689|4.97 
91|689|2.51 
70|691|3.37 
555|692|  
78|692|3.48 
601|692|  
50|692|5 
235|692|1.04 
209|693|3.13 
247|693|  
448|693|5 
115|693|3.87 
56|693|1.82 
459|693|5 
579|693|  
607|693|2.32 
3|693|5 
472|695|  
475|696|4.83 
410|696|2.3 
218|696|  
37|696|5 
280|696|5 
267|696|  
123|698|  
25|698|  
261|698|  
387|698|  
554|698|  
389|698|  
286|699|  
592|700|  
11|700|  
401|700|  
304|700|  
191|700|  
277|700|  
560|702|  
529|705|  
23|705|  
346|705|  
165|705|  
578|705|  
342|706|  
338|706|  
152|706|  
203|708|  
574|708|  
257|708|  
610|708|  
312|708|  
251|708|  
323|708|  
101|710|  
165|710|  
551|710|  
470|710|  
486|710|  
286|711|  
554|711|  
201|711|  
581|711|  
380|711|  
510|711|  
293|711|  
348|711|  
569|711|  
263|711|  
304|712|  
608|712|3.85 
180|712|3.83 
601|712|1.83 
612|714|1.01 
179|714|4.49 
197|714|1.71 
296|714|2.91 
102|715|5 
135|716|  
109|716|  
251|716|  
134|716|2.42 
418|716|5 
346|716|1.99 
231|716|2.97 
5|716|4.88 
114|717|5 
577|717|  
138|717|1.66 
111|717|4.25 
19|717|2.63 
599|717|  
409|717|5 
109|717|4.08 
313|718|  
243|720|1.61 
211|720|3.94 
223|720|  
400|720|  
34|720|  
277|720|  
115|720|2.73 
365|722|  
196|723|5 
464|723|5 
605|723|4.7 
332|723|4.75 
367|723|5 
341|723|2.01 
277|723|  
428|723|  
498|725|1.59 
183|727|  
507|727|  
13|727|  
256|728|  
145|728|  
93|728|  
182|728|  
381|728|  
458|728|  
379|729|  
301|729|  
606|729|  
518|729|  
429|729|  
351|729|  
12|729|  
70|729|  
188|730|  
202|730|  
348|730|  
395|730|  
209|730|  
508|730|  
519|731|  
305|731|  
176|731|  
323|731|  
532|732|  
13|734|  
107|734|  
223|734|  
12|734|  
200|734|  
8|737|  
30|737|  
163|737|  
168|737|  
333|737|  
595|739|  
478|741|  
255|742|1.58 
389|742|  
21|744|  
341|746|5 
379|748|5 
442|749|1.69 
576|750|2.77 
512|750|  
78|750|  
118|751|  
200|751|  
264|751|4.78 
388|752|  
196|752|  
508|752|  
271|752|  
59|752|  
381|752|  
578|752|  
576|752|  
171|752|  
571|753|  
85|753|  
9|753|  
373|753|  
320|753|  
47|753|  
589|753|  
18|753|  
262|753|  
351|754|  
39|754|  
28|754|  
100|754|  
56|754|  
327|756|  
507|757|  
315|757|  
238|757|  
382|757|  
117|757|  
580|757|  
77|757|  
349|757|  
105|758|  
74|758|  
322|758|  
174|758|  
442|758|  
377|758|  
537|758|  
479|759|  
97|759|  
162|759|  
370|760|  
144|760|  
112|761|  
348|761|  
309|761|  
166|761|  
175|761|  
71|761|  
347|761|  
385|762|  
532|762|  
270|762|  
224|762|  
170|762|  
371|763|  
15|764|5 
518|766|5 
286|766|3.58 
311|766|2.04 
264|766|3.64 
12|766|  
223|766|1.07 
238|766|5 
506|767|1.9 
67|767|1.5 
351|767|5 
590|767|5 
182|767|  
428|767|4.19 
425|767|  
521|768|  
542|770|3.14 
243|770|4.47 
433|770|  
226|770|1.84 
593|770|  
460|770|3.85 
303|770|2.52 
198|770|5 
356|770|  
263|771|2.13 
151|771|  
557|771|  
100|771|  
483|771|5 
312|773|  
522|773|3.38 
483|773|  
25|773|4.97 
58|774|1.04 
63|776|  
521|777|5 
438|779|  
92|779|  
267|779|  
94|779|  
329|779|  
50|779|  
67|780|  
197|780|  
494|780|  
387|780|  
444|781|  
314|783|  
282|783|  
324|783|  
601|783|  
576|784|  
294|785|  
411|785|  
471|785|  
507|785|  
279|786|  
193|786|  
448|786|  
301|786|  
164|786|  
204|787|  
342|789|  
27|791|  
441|791|  
280|791|  
476|794|5 
249|794|2.53 
436|794|1.62 
509|794|  
70|794|  
601|794|1.56 
130|794|  
320|796|  
590|796|  
164|796|  
9|797|  
350|799|  
168|801|  
166|801|  
527|801|  
320|801|1.35 
209|801|4.5 
141|802|  
105|804|  
319|804|  
550|804|  
455|804|  
217|804|  
350|804|  
269|804|  
343|804|  
430|807|  
435|807|  
171|807|  
235|807|  
424|807|  
18|807|  
585|807|  
360|808|  
201|808|  
390|808|  
103|808|  
133|808|  
392|808|  
556|808|  
220|808|  
416|809|  
12|809|  
598|809|  
465|809|  
15|810|  
196|810|  
509|810|  
288|810|  
372|810|  
406|811|  
214|811|  
419|811|  
549|811|  
356|812|  
449|812|  
215|812|  
435|812|  
109|812|  
570|812|  
416|813|  
451|814|  
293|814|4.45 
471|814|  
317|814|  
343|814|  
135|814|  
430|814|5 
219|814|4.86 
454|814|3.96 
116|816|4.47 
434|816|2.57 
268|816|2.12 
455|816|  
606|817|2.57 
421|817|3.96 
3|817|5 
29|817|  
304|818|  
432|818|4.18 
537|818|  
489|818|  
373|818|1.96 
574|818|  
515|818|4.66 
551|818|  
244|818|  
237|818|5 
85|819|  
47|821|  
366|822|4.18 
543|823|4.08 
574|823|  
432|823|4.05 
64|823|5 
50|824|4.65 
578|824|5 
393|824|4.69 
307|824|  
145|824|  
44|824|  
454|824|4.8 
551|824|4.74 
149|825|  
521|825|2.82 
610|826|  
19|826|  
292|826|  
357|826|  
171|826|  
206|826|  
283|826|  
337|827|  
607|827|  
206|827|  
149|828|  
287|828|  
17|828|  
56|828|  
423|828|  
256|828|  
125|828|  
223|829|  
204|829|  
307|829|  
192|829|  
338|829|  
589|830|  
609|832|  
344|832|  
516|832|  
107|832|  
539|833|  
368|836|  
271|838|3.28 
267|838|  
529|838|  
335|838|1.12 
218|838|  
53|838|  
331|838|  
209|838|1.06 
548|838|  
122|839|  
219|840|4.68 
27|840|  
599|840|  
548|840|  
465|840|4.35 
100|840|3.75 
382|840|  
346|840|4.32 
441|841|3.2 
297|842|  
420|842|  
402|842|  
511|842|  
377|842|  
95|843|5 
106|843|2.87 
517|843|  
504|843|5 
454|843|  
158|845|2.46 
75|845|5 
524|845|4.39 
20|845|  
591|845|4.64 
315|847|  
107|848|5 
490|848|  
582|848|2.62 
344|848|5 
231|848|  
295|848|1.29 
148|848|3.15 
388|848|  
411|848|3.01 
211|849|5 
434|849|3.34 
241|849|  
117|850|2.91 
99|851|  
105|851|5 
118|851|  
506|851|3.26 
218|851|  
399|851|  
161|851|  
216|851|2.6 
250|852|  
395|853|  
169|853|  
29|853|  
365|853|  
342|853|  
356|854|  
479|854|  
364|854|  
331|854|  
101|854|  
194|854|  
411|854|  
612|854|  
400|854|  
583|855|  
312|856|  
599|856|  
140|856|  
162|856|  
18|856|  
552|856|  
57|856|  
594|856|  
563|856|  
540|858|  
596|859|  
319|859|  
415|859|  
316|859|  
527|859|  
315|859|  
313|859|  
497|859|  
504|859|  
524|859|  
31|860|  
418|861|  
436|861|  
346|861|  
283|861|  
11|861|  
6|861|  
148|861|  
351|861|  
586|861|  
495|862|  
235|863|  
99|863|  
428|863|  
539|863|  
85|866|  
411|866|  
12|866|4.93 
209|866|2.61 
177|866|  
357|866|3.6 
374|867|2.9 
424|868|  
98|868|  
97|868|2.06 
76|868|  
28|868|  
505|868|1.68 
272|868|  
219|868|  
325|869|  
468|869|2.12 
336|869|  
95|869|  
574|870|  
259|870|2.38 
411|871|  
577|872|  
497|873|5 
256|874|4.23 
222|874|  
77|874|  
354|874|  
174|874|  
398|874|4.27 
364|874|5 
146|875|2.3 
417|875|5 
153|875|1.41 
341|875|  
36|875|4.92 
567|876|1.32 
396|876|  
303|877|3.46 
473|877|  
58|877|  
6|877|  
502|878|5 
426|878|  
243|878|  
302|878|  
523|878|  
157|878|  
18|878|5 
587|878|  
70|878|5 
353|879|  
599|879|  
281|879|  
574|879|  
586|879|  
24|879|  
398|879|  
585|879|  
218|880|  
368|882|  
34|882|  
42|882|  
188|882|  
576|882|  
230|882|  
85|883|  
248|884|  
311|885|  
91|885|  
410|885|  
136|885|  
71|886|  
473|886|  
222|886|  
442|886|  
164|887|  
39|887|  
321|887|  
512|887|  
225|887|  
105|887|  
448|887|  
594|887|  
149|887|  
319|889|  
423|889|  
194|889|  
7|889|  
500|889|  
530|889|  
85|890|3.02 
204|890|  
508|890|  
469|890|3.85 
538|890|2.2 
398|890|  
482|890|1.59 
491|890|  
545|890|  
289|890|5 
546|891|1.05 
79|891|  
90|891|  
67|891|  
83|891|  
306|891|3.94 
460|891|2.88 
311|891|  
398|891|1.94 
374|892|  
369|896|1.79 
564|896|4.37 
589|896|3.81 
143|896|  
156|896|  
435|896|5 
388|896|4.95 
429|897|  
521|898|1.63 
550|898|  
257|898|4.76 
261|898|2.31 
188|898|1.85 
154|898|5 
228|898|1.41 
586|898|2.22 
155|899|3.9 
305|900|  
469|903|  
486|903|4.28 
330|903|1.69 
296|904|  
459|904|4.35 
597|904|5 
149|904|1.85 
165|905|5 
74|905|4.86 
437|905|3.76 
445|906|  
131|906|  
541|906|  
193|906|  
62|906|  
120|906|  
505|906|  
91|906|  
279|906|  
368|907|  
522|910|  
585|910|  
369|910|  
67|910|  
343|911|  
333|911|  
50|911|  
456|911|  
451|911|  
499|911|  
82|911|  
428|912|  
49|914|  
396|914|  
143|914|  
330|914|  
521|915|  
464|915|  
489|915|  
308|915|  
222|915|  
542|915|  
60|915|  
270|915|  
34|915|  
106|916|  
104|916|  
265|916|  
518|917|  
432|920|4.22 
195|920|  
52|920|2.88 
612|920|5 
384|920|  
120|920|  
480|920|  
48|920|3.05 
581|921|  
140|923|  
150|923|  
133|923|1.51 
552|923|  
510|923|  
125|923|2.19 
132|923|  
460|923|2.74 
593|923|1.85 
591|925|4.63 
24|925|  
509|925|  
366|926|  
532|928|  
404|928|3.8 
595|928|  
390|928|  
545|928|  
121|928|  
588|928|  
490|928|  
146|928|  
70|928|2.72 
537|929|  
111|929|3.55 
130|929|1.86 
27|929|  
145|930|  
312|930|5 
196|930|  
568|930|  
434|930|4.2 
535|930|  
23|933|1.11 
582|934|5 
213|934|  
434|934|  
182|934|  
535|934|  
579|934|5 
515|936|  
361|937|  
508|938|  
410|939|  
309|939|  
140|939|  
553|939|  
562|939|  
206|939|  
353|940|  
184|940|  
234|940|  
501|940|  
531|940|  
451|940|  
88|940|  
29|940|  
260|940|  
147|940|  
609|941|  
85|941|  
205|941|  
242|941|  
518|941|  
112|941|  
201|942|  
502|943|  
593|943|  
89|943|  
520|943|  
276|943|  
223|943|  
200|943|  
341|944|  
90|944|  
576|946|  
80|946|  
231|946|  
446|946|  
118|946|  
188|947|  
405|947|  
218|947|  
245|947|  
354|948|  
300|948|  
475|948|  
465|948|  
536|948|  
145|948|  
38|949|  
438|949|  
565|950|2.7 
604|951|1.0 
226|952|2.85 
469|952|  
379|952|  
132|952|3.49 
423|952|4.43 
332|952|2.02 
194|952|  
260|952|1.52 
121|952|4.43 
320|953|  
329|958|  
438|959|4.66 
329|961|5 
273|961|2.05 
262|961|4.52 
447|961|4.44 
456|961|  
75|962|5 
485|962|3.52 
341|962|5 
433|962|4.03 
215|962|5 
511|962|3.51 
39|962|  
164|964|  
99|964|  
308|964|  
285|964|  
328|964|  
54|964|  
238|964|  
343|964|  
570|965|  
345|965|  
585|965|  
230|965|  
433|965|  
559|965|  
93|965|  
516|965|  
585|966|  
365|966|  
222|966|  
149|966|  
274|966|  
433|966|  
334|966|  
249|968|  
209|969|  
500|969|  
244|969|  
218|969|  
277|969|  
474|969|  
135|969|  
263|969|  
385|969|  
434|970|  
438|970|  
43|970|  
208|970|  
330|970|  
481|970|  
340|971|  
227|971|  
119|971|  
338|971|  
137|972|  
193|972|  
97|972|  
397|972|  
479|974|  
12|975|  
140|975|  
437|975|  
25|975|  
358|975|  
600|976|  
403|976|  
65|976|  
125|976|  
413|976|  
371|976|  
427|976|  
450|976|  
306|977|  
164|977|4.75 
514|977|  
161|977|  
188|977|  
532|977|2.83 
421|978|2.76 
222|978|2.32 
253|978|5 
271|978|  
106|978|  
60|978|  
442|979|5 
219|979|5 
111|979|5 
88|979|  
183|980|  
286|980|  
539|981|  
63|981|5 
264|981|3.19 
251|984|1.95 
247|984|  
314|984|3.38 
589|987|  
37|987|  
184|987|  
95|988|  
605|988|5 
135|988|  
263|988|  
202|988|  
368|988|5 
50|988|  
12|988|  
587|988|1.92 
568|989|  
4|989|  
260|989|  
567|989|  
511|989|  
3|989|  
11|989|  
262|989|  
378|990|  
597|990|  
166|990|  
132|990|  
396|990|  
247|991|  
581|991|  
15|991|  
531|991|  
130|991|  
458|991|  
107|991|  
552|992|  
212|992|  
489|992|  
263|992|  
577|993|  
148|993|  
336|993|  
394|993|  
458|993|  
99|993|  
96|993|  
210|993|  
39|994|  
243|994|  
332|994|  
299|994|  
89|994|  
92|994|  
198|997|  
190|998|  
151|998|  
391|998|  
591|998|  
132|998|  
522|1000|  
120|1001|4.33 
608|1001|  
612|1001|2.04 
345|1001|  
486|1002|  
368|1002|  
529|1002|1.87 
83|1002|  
262|1002|2.43 
191|1003|4.24 
512|1003|  
43|1003|  
247|1003|  
435|1003|  
389|1003|  
21|1003|  
193|1003|  
447|1003|4.16 
227|1005|5 
604|1005|3.56 
400|1005|  
359|1005|5 
155|1005|3.78 
107|1005|4.4 
375|1005|  
123|1005|  
33|1005|  
200|1005|  
190|1006|3.06 
544|1006|  
115|1006|1.79 
595|1006|3.27 
462|1006|  
375|1006|3.28 
575|1007|3.23 
436|1007|  
559|1007|1.66 
391|1008|  
399|1010|  
235|1011|  
567|1012|  
321|1012|  
293|1012|  
75|1012|  
41|1012|  
356|1012|  
109|1013|  
414|1013|  
172|1013|  
175|1013|  
242|1013|  
377|1013|  
178|1013|  
207|1016|  
147|1016|  
290|1016|  
131|1016|  
328|1016|  
427|1016|  
168|1016|  
461|1017|  
61|1018|  
81|1020|  
391|1022|  
108|1022|  
29|1022|  
507|1022|  
143|1022|  
